"",45.900
0.0000,0.0000E+000
1.0000,2.5818E+001
2.0000,2.1598E+001
3.0000,1.6074E+001
4.0000,1.8978E+001
5.0000,1.3380E+001
6.0000,2.3949E+001
7.0000,8.4187E+000
8.0000,-1.5255E+001
9.0000,-6.9259E+000
10.0000,-6.1674E+000
11.0000,-8.1948E+000
12.0000,-1.1179E+001
13.0000,-7.2370E+000
14.0000,-1.1596E+001
15.0000,-5.6487E+000
16.0000,3.9994E-001
17.0000,-3.3167E+000
18.0000,-1.2518E+001
19.0000,-4.3419E+001
20.0000,-2.6246E+001
21.0000,-2.3149E+001
22.0000,-3.0137E+001
23.0000,-2.2685E+001
24.0000,6.4155E+000
25.0000,1.7176E+001
26.0000,-9.8182E+000
27.0000,2.0371E+001
28.0000,2.9184E+001
29.0000,1.1566E+001
30.0000,1.6700E+001
31.0000,1.3266E+000
32.0000,-3.7098E+000
33.0000,2.6018E+001
34.0000,-5.4576E+000
35.0000,-2.4645E+001
36.0000,-4.5667E+000
37.0000,-2.7089E+000
38.0000,6.2914E+000
39.0000,1.0687E+001
40.0000,4.2896E+000
41.0000,-2.8469E+000
42.0000,-1.4200E+000
43.0000,2.4623E+001
44.0000,1.0987E+001
45.0000,5.8598E+000
46.0000,2.5091E+001
47.0000,2.4209E+001
48.0000,1.1551E+001
49.0000,1.1739E+001
50.0000,3.8865E+000
51.0000,-1.1361E+001
52.0000,-2.6219E+001
53.0000,-1.5402E+001
54.0000,-1.9426E+001
55.0000,-1.4444E+001
56.0000,-9.4613E+000
57.0000,-2.2849E+000
58.0000,-4.6811E+000
59.0000,3.2900E+000
60.0000,-1.8130E+000
61.0000,2.5504E-001
62.0000,2.5914E+000
63.0000,6.5022E+000
64.0000,2.3843E+001
65.0000,2.7160E+001
66.0000,3.1418E+001
67.0000,3.0852E+001
68.0000,-7.5574E+000
69.0000,-4.3187E+001
70.0000,-2.0905E+001
71.0000,-5.8353E+000
72.0000,-1.2868E+000
73.0000,-2.7385E-001
74.0000,-8.1307E+000
75.0000,-6.0040E+000
76.0000,-2.9094E+000
77.0000,-1.0822E+001
78.0000,-6.6686E+000
79.0000,-5.5148E+000
80.0000,3.6915E+001
81.0000,1.0877E+001
82.0000,-1.5506E+001
83.0000,-1.9742E+001
84.0000,-2.1822E+001
85.0000,-2.1656E+001
86.0000,-2.6485E+001
87.0000,-1.8833E+001
88.0000,-1.3320E+001
89.0000,-1.0331E+001
90.0000,1.4716E+001
91.0000,1.2434E+001
92.0000,8.9739E+000
93.0000,8.7160E+000
94.0000,8.3644E+000
95.0000,6.1835E+000
96.0000,1.4950E+001
97.0000,2.8279E+001
98.0000,1.9867E+001
99.0000,1.5988E+001
100.0000,1.8031E+001
101.0000,1.3972E+001
102.0000,2.6445E+001
103.0000,8.2297E+001
104.0000,5.1464E+001
105.0000,4.9088E+001
106.0000,5.7842E+001
107.0000,2.6344E+001
108.0000,1.2638E+001
109.0000,2.0451E+001
110.0000,1.9517E+001
111.0000,2.8646E+001
112.0000,2.8564E+001
113.0000,1.5924E+001
114.0000,3.9348E+000
115.0000,-7.8862E+000
116.0000,-8.0536E-001
117.0000,7.0443E+000
118.0000,7.5219E+000
119.0000,1.3946E+000
120.0000,-1.1888E+001
121.0000,-1.1796E+001
122.0000,-1.3324E+001
123.0000,-1.2121E+001
124.0000,-6.6212E-001
125.0000,3.3668E+000
126.0000,7.6074E+000
127.0000,-1.3117E+001
128.0000,-2.0718E+001
129.0000,-1.6515E+001
130.0000,-2.9673E+001
131.0000,-1.6479E+001
132.0000,-4.0680E+001
133.0000,-2.8907E+001
134.0000,-3.0393E+001
135.0000,-1.3619E+001
136.0000,-1.0740E+001
137.0000,-2.0610E+001
138.0000,9.6837E-002
139.0000,-4.8439E+000
140.0000,-6.4169E+000
141.0000,-1.5523E+001
142.0000,-2.7820E+001
143.0000,-1.5301E+001
144.0000,-9.7267E+000
145.0000,-7.3879E+000
146.0000,-2.4603E+001
147.0000,-1.8116E+001
148.0000,1.0836E+000
149.0000,-3.8388E+000
150.0000,-1.2185E+001
151.0000,-1.6411E+001
152.0000,-7.9426E+000
153.0000,6.8384E-001
154.0000,2.1753E+000
155.0000,-2.5958E+000
156.0000,-3.3553E+000
157.0000,-1.2834E+000
158.0000,-4.7304E+000
159.0000,-1.1378E+001
160.0000,-4.9185E+001
161.0000,-2.3170E+001
162.0000,-1.8710E+001
163.0000,-3.5331E+001
164.0000,-4.7469E+001
165.0000,-3.6945E+001
166.0000,-1.6200E+001
167.0000,-5.8949E+000
168.0000,-1.0332E+001
169.0000,-1.8497E+001
170.0000,-1.7543E+001
171.0000,-2.7248E+001
172.0000,-3.6685E+001
173.0000,-3.1894E+001
174.0000,-1.1666E+001
175.0000,-9.0940E+000
176.0000,-1.2517E+001
177.0000,-1.8120E+001
178.0000,-1.4272E+001
179.0000,-1.2197E+001
180.0000,-2.1376E+001
181.0000,-1.8556E+001
182.0000,-2.3682E+001
183.0000,-1.1254E+001
184.0000,-1.6490E+001
185.0000,-5.8221E+000
186.0000,-2.9166E+000
187.0000,2.8312E+000
188.0000,5.8181E+000
189.0000,4.4685E+000
190.0000,1.2257E+000
191.0000,-2.8104E+000
192.0000,-1.3816E+001
193.0000,-1.7999E+001
194.0000,-2.3644E+001
195.0000,-2.9403E+001
196.0000,-2.1038E+001
197.0000,-1.4937E+001
198.0000,-6.0230E+000
199.0000,-3.0663E+000
200.0000,-3.8618E+000
201.0000,-1.3943E+001
202.0000,-1.9281E+001
203.0000,-3.0681E+001
204.0000,-3.7192E+001
205.0000,-1.7379E+001
206.0000,-1.6857E+001
207.0000,-2.1447E+001
208.0000,-1.8362E+001
209.0000,-3.1414E+001
210.0000,-2.9555E+001
211.0000,-2.1423E+001
212.0000,-5.2588E+000
213.0000,-2.0477E+001
214.0000,-1.9703E+001
215.0000,-8.8629E+000
216.0000,-1.9655E+001
217.0000,-1.6433E+001
218.0000,-4.9305E+000
219.0000,-1.5588E+001
220.0000,-2.0579E+001
221.0000,-1.6655E+001
222.0000,-2.7853E+001
223.0000,-2.6815E+001
224.0000,-1.2032E+001
225.0000,-7.6366E+000
226.0000,-1.2076E+001
227.0000,-1.6615E+001
228.0000,-1.6687E+001
229.0000,-2.6385E+001
230.0000,-1.3635E+001
231.0000,-9.8084E+000
232.0000,-6.8784E+000
233.0000,-5.1951E+000
234.0000,-1.6435E+001
235.0000,-1.6184E+001
236.0000,-1.1655E+001
237.0000,-7.9004E+000
238.0000,-1.0525E+001
239.0000,-1.7460E+001
240.0000,-1.2136E+001
241.0000,-1.9864E+001
242.0000,-2.5929E+001
243.0000,-2.5619E+001
244.0000,-1.1854E+001
245.0000,-1.3982E+001
246.0000,-1.3395E+001
247.0000,-2.7973E+001
248.0000,-3.4829E+001
249.0000,-5.0760E+001
250.0000,-2.0145E+001
251.0000,-1.9382E+001
252.0000,-1.9724E+001
253.0000,-1.2514E+001
254.0000,-7.2415E+000
255.0000,-1.7764E+001
256.0000,-1.8618E+001
257.0000,-4.1213E+001
258.0000,-6.3904E+001
259.0000,-2.5373E+001
260.0000,-2.5703E+001
261.0000,-1.9328E+001
262.0000,-8.0023E+000
263.0000,3.2559E+000
264.0000,3.1313E+000
265.0000,1.5476E+001
266.0000,5.9468E+000
267.0000,1.2551E+000
268.0000,-2.3773E-001
269.0000,2.0464E+000
270.0000,-2.3718E+000
271.0000,-2.3639E+000
272.0000,-2.0441E+000
273.0000,-7.3017E+000
274.0000,-6.4106E+000
275.0000,-4.2074E+000
276.0000,-1.6242E+001
277.0000,-1.2114E+001
278.0000,-3.3701E+000
279.0000,-6.5895E+000
280.0000,-1.4474E+001
281.0000,-3.6302E+001
282.0000,-4.5232E+001
283.0000,-3.9045E+001
284.0000,-3.1766E+001
285.0000,-1.7961E+001
286.0000,-2.2038E+001
287.0000,-3.7144E+001
288.0000,-2.3935E+001
289.0000,-1.1461E+001
290.0000,-1.2066E+001
291.0000,-1.2503E+001
292.0000,-1.8984E+001
293.0000,-1.5099E+001
294.0000,-8.9438E+000
295.0000,-2.9842E+001
296.0000,-2.3124E+001
297.0000,-8.4431E+000
298.0000,-2.8201E+001
299.0000,-4.2380E+001
300.0000,-4.7565E+001
301.0000,-3.9575E+001
302.0000,-2.7435E+001
303.0000,-2.9010E+001
304.0000,-1.5736E+001
305.0000,-4.2538E+001
306.0000,-2.9930E+001
307.0000,-2.5269E+001
308.0000,-2.3373E+001
309.0000,-1.9802E+001
310.0000,-3.3264E+001
311.0000,-2.9579E+001
312.0000,-2.3505E+001
313.0000,-1.9255E+001
314.0000,5.0069E+000
315.0000,-1.3211E+001
316.0000,-1.9890E+001
317.0000,-1.8217E+001
318.0000,-7.1872E+000
319.0000,-8.8943E-001
320.0000,4.9812E-001
321.0000,-2.3104E+001
322.0000,-3.8819E+001
323.0000,-2.7958E+001
324.0000,-4.1035E+001
325.0000,-2.8157E+001
326.0000,-2.0440E+001
327.0000,-1.0023E+001
328.0000,-1.3818E+001
329.0000,-1.1054E+001
330.0000,-3.3404E+000
331.0000,-1.0727E+000
332.0000,-3.7420E+000
333.0000,-3.5637E+000
334.0000,4.0610E+000
335.0000,7.4263E+000
336.0000,1.6802E+001
337.0000,9.2875E-001
338.0000,2.7321E+001
339.0000,1.1945E+001
340.0000,1.5692E+001
341.0000,3.9609E+001
342.0000,3.2740E+001
343.0000,5.7586E+001
344.0000,5.4220E+001
345.0000,6.5417E+001
346.0000,2.7663E+001
347.0000,3.6822E+001
348.0000,1.8041E+001
349.0000,-3.7923E+000
350.0000,2.2817E+000
351.0000,3.2408E+001
352.0000,-2.3722E+001
353.0000,2.2315E+001
354.0000,1.4761E+001
355.0000,-2.0377E+001
356.0000,1.8419E+001
357.0000,-1.6798E+001
358.0000,-4.0268E+000
359.0000,-1.5288E+000
360.0000,9.8474E+000
361.0000,-5.0816E+000
362.0000,1.0136E+001
363.0000,1.2024E+001
364.0000,1.1611E+001
365.0000,-1.1976E+001
