32.613218	5.4696899	6.8488266	14.21632	0.78434606	2013-01-01 00:00:00
14.049987	9.6760193	11.382453	14.462979	1	2013-01-02 00:00:00
15.689693	9.5613953	11.470175	12.928265	1	2013-01-03 00:00:00
23.407738	8.692041	10.345142	13.756783	0.9385883	2013-01-04 00:00:00
11.33691	9.0398193	10.462667	13.968921	1	2013-01-05 00:00:00
8.3511445	8.426355	10.453031	13.260157	1	2013-01-06 00:00:00
7.1752024	9.5586182	11.480735	14.873519	1	2013-01-07 00:00:00
35.537884	8.2363831	9.5604593	9.7360554	0.77123876	2013-01-08 00:00:00
40.42712	3.6160522	6.7018322	8.1540216	0.70790476	2013-01-09 00:00:00
27.004037	5.3783203	7.554014	10.487157	0.92275379	2013-01-10 00:00:00
26.111002	5.3771606	7.8383924	9.8893966	0.9396102	2013-01-11 00:00:00
27.114749	5.005426	7.747678	10.165293	0.93201124	2013-01-12 00:00:00
23.879429	3.8180176	7.1326204	6.9926728	0.98004236	2013-01-13 00:00:00
21.430771	5.2560669	7.6661942	12.987111	1	2013-01-14 00:00:00
21.419736	3.7932678	6.5868932	7.9292197	1	2013-01-15 00:00:00
13.702739	4.951593	8.2543282	8.344817	1	2013-01-16 00:00:00
22.67488	6.1400085	8.9157018	10.608148	1	2013-01-17 00:00:00
25.851984	5.4083191	8.3975458	8.9677999	0.97932645	2013-01-18 00:00:00
30.297484	3.0077454	6.647169	6.2855681	0.93794169	2013-01-19 00:00:00
39.299831	-0.015447998	5.1042586	12.233593	0.84186497	2013-01-20 00:00:00
55.817054	0.11049805	5.2609714	6.6433007	0.6166603	2013-01-21 00:00:00
57.886675	-0.38077393	5.0721922	4.5106823	0.60095734	2013-01-22 00:00:00
28.162288	0.69332275	5.722806	10.269069	0.98678127	2013-01-23 00:00:00
41.687212	1.6634766	6.0061376	10.132763	0.84651974	2013-01-24 00:00:00
12.511978	6.0177246	8.7070941	15.650819	1	2013-01-25 00:00:00
26.630055	7.1375977	8.6947319	16.557731	1	2013-01-26 00:00:00
52.703122	4.3692871	6.3169413	20.608245	0.74532855	2013-01-27 00:00:00
30.606525	6.6777893	7.3962227	23.817307	0.98752867	2013-01-28 00:00:00
13.92492	8.0999695	9.1065618	17.741681	1	2013-01-29 00:00:00
68.895079	6.1891113	7.1211706	19.718849	0.56972801	2013-01-30 00:00:00
67.129501	6.4227539	7.1597117	22.641707	0.61623833	2013-01-31 00:00:00
45.87212	5.2080322	6.8743931	15.039887	0.87432308	2013-02-01 00:00:00
52.599706	4.2586304	6.7402869	8.5468638	0.81848808	2013-02-02 00:00:00
18.252988	7.9858032	10.296006	15.795747	1	2013-02-03 00:00:00
46.035962	4.5844666	6.7162402	22.767464	0.91025197	2013-02-04 00:00:00
43.944416	3.0841919	6.4125994	24.075302	0.93647522	2013-02-05 00:00:00
64.307588	4.259668	6.1398289	14.936991	0.77028479	2013-02-06 00:00:00
28.91918	4.3788086	7.116509	13.343938	1	2013-02-07 00:00:00
47.366915	5.724939	7.2993377	11.095499	0.93109819	2013-02-08 00:00:00
37.736204	6.7089783	8.9275309	9.6869547	1	2013-02-09 00:00:00
47.127694	5.3922058	7.6284951	11.520944	0.9472731	2013-02-10 00:00:00
39.52222	4.2303711	7.454832	10.880296	1	2013-02-11 00:00:00
25.559774	4.2927185	7.5438145	6.4672247	1	2013-02-12 00:00:00
21.123226	7.8272339	10.111858	14.145584	1	2013-02-13 00:00:00
62.281915	6.2065063	8.0213512	13.4566	0.87101693	2013-02-14 00:00:00
42.259784	5.8950134	8.0000076	9.1599302	1	2013-02-15 00:00:00
37.145191	7.8874146	9.5781973	14.495984	1	2013-02-16 00:00:00
68.552424	7.2148987	7.7009658	18.073976	0.85644277	2013-02-17 00:00:00
78.466569	6.1447998	6.9656713	15.485848	0.79994425	2013-02-18 00:00:00
89.179832	6.6791931	7.8516936	11.289135	0.72916869	2013-02-19 00:00:00
83.292033	5.30047	6.8474331	14.073999	0.789076	2013-02-20 00:00:00
93.437503	3.6473938	5.6100087	18.218161	0.73431177	2013-02-21 00:00:00
84.45251	0.96517334	4.3462094	11.883618	0.81245894	2013-02-22 00:00:00
75.769684	0.26760254	4.1876795	4.2427915	0.87527969	2013-02-23 00:00:00
89.531753	0.15389404	4.6307213	6.3982025	0.80009646	2013-02-24 00:00:00
105.55881	1.1602417	4.8373939	6.5820876	0.70527834	2013-02-25 00:00:00
79.054466	2.1975647	5.7381062	6.6875044	0.87659354	2013-02-26 00:00:00
69.010882	3.7235657	6.5756108	5.5390393	0.93551368	2013-02-27 00:00:00
78.45692	3.4228149	6.814507	8.1556077	0.89298788	2013-02-28 00:00:00
83.964099	5.1768433	7.267712	7.6332718	0.87055443	2013-03-01 00:00:00
132.80293	3.7682434	6.0117087	4.079635	0.57968256	2013-03-02 00:00:00
92.044183	4.5313965	6.2279551	7.2518792	0.84790635	2013-03-03 00:00:00
52.248386	5.0163208	6.9376766	8.4829555	1	2013-03-04 00:00:00
125.26097	5.7800232	7.1324476	9.1517034	0.68874609	2013-03-05 00:00:00
45.531389	7.7955261	9.1949781	13.208884	1	2013-03-06 00:00:00
46.556995	8.2499023	9.977064	13.464615	1	2013-03-07 00:00:00
46.852131	9.2077271	10.89741	12.614436	1	2013-03-08 00:00:00
90.888852	8.8920837	10.010343	13.727787	0.89887785	2013-03-09 00:00:00
83.381559	4.0935913	6.6250908	17.12659	0.94539821	2013-03-10 00:00:00
147.49918	0.27349243	3.3232887	16.534302	0.66450956	2013-03-11 00:00:00
154.1708	1.2386719	4.2201453	9.854095	0.63635396	2013-03-12 00:00:00
120.34286	3.7285706	6.8067871	10.286863	0.80866676	2013-03-13 00:00:00
96.681936	4.4990173	6.9142597	10.200591	0.91603444	2013-03-14 00:00:00
128.0143	4.7148682	7.2249608	13.041993	0.79105234	2013-03-15 00:00:00
144.77323	2.9927307	5.6807033	7.3594639	0.72977436	2013-03-16 00:00:00
101.82666	3.9701782	6.9865551	13.075753	0.9145259	2013-03-17 00:00:00
126.83714	4.1857849	6.8923642	7.7647419	0.82336779	2013-03-18 00:00:00
142.25512	2.9733521	6.1859721	9.5969808	0.76951672	2013-03-19 00:00:00
163.88894	2.8045898	5.6717542	4.2577705	0.68407453	2013-03-20 00:00:00
39.926977	4.366571	7.0247432	20.040847	1	2013-03-21 00:00:00
37.909596	8.3961426	10.294936	18.935488	1	2013-03-22 00:00:00
95.865126	6.2186523	8.0034225	15.704556	0.9645056	2013-03-23 00:00:00
135.7416	3.3288208	5.4845711	16.444952	0.83800745	2013-03-24 00:00:00
175.38285	2.6928955	4.5053137	15.128854	0.69229224	2013-03-25 00:00:00
171.24503	1.9273926	4.2006743	12.249269	0.72130352	2013-03-26 00:00:00
188.5171	1.5197693	4.2603162	10.471124	0.65771553	2013-03-27 00:00:00
188.65913	1.4912659	4.3462619	13.136727	0.66791357	2013-03-28 00:00:00
208.74549	2.7522827	4.4113439	15.224874	0.58766335	2013-03-29 00:00:00
223.60191	2.9435974	4.540422	11.429197	0.52540377	2013-03-30 00:00:00
127.88988	3.7682434	5.4190834	15.636722	0.90651631	2013-03-31 00:00:00
199.74596	6.4868103	5.978239	17.489487	0.66466838	2013-04-01 00:00:00
257.59126	6.8606201	5.7688378	12.683345	0.38028035	2013-04-02 00:00:00
288.76143	6.8034912	5.8636716	10.482668	0.34388417	2013-04-03 00:00:00
273.59505	6.9868103	5.9076942	10.110549	0.30748799	2013-04-04 00:00:00
239.627	7.4989563	6.2586605	7.9922798	0.53568217	2013-04-05 00:00:00
208.26522	7.402948	6.4990807	6.9722085	0.68009453	2013-04-06 00:00:00
134.18671	7.6996704	7.2597411	14.322493	0.92219558	2013-04-07 00:00:00
203.11215	8.7252747	7.3691543	17.585336	0.71321661	2013-04-08 00:00:00
220.34281	9.0768982	7.4110971	11.540117	0.65891116	2013-04-09 00:00:00
155.36716	9.4537903	10.077292	8.8010215	0.86976148	2013-04-10 00:00:00
170.86524	10.322992	11.023387	8.3685002	0.82667039	2013-04-11 00:00:00
193.20879	9.4282166	9.4495159	9.3029538	0.76864661	2013-04-12 00:00:00
78.106969	10.330408	11.038566	13.461238	1	2013-04-13 00:00:00
197.0733	13.135461	12.895917	23.553705	0.75710404	2013-04-14 00:00:00
137.58162	12.202753	12.44508	18.061265	0.93445975	2013-04-15 00:00:00
290.5066	11.977869	9.690442	18.968583	0.41196025	2013-04-16 00:00:00
70.675652	12.468469	13.470614	21.164692	1	2013-04-17 00:00:00
201.0654	10.109613	10.539155	20.086455	0.77767914	2013-04-18 00:00:00
241.31226	10.57113	9.2641834	8.7766259	0.66067022	2013-04-19 00:00:00
207.52025	10.83526	9.9551485	13.820598	0.77181325	2013-04-20 00:00:00
230.04607	10.821375	10.595899	14.266411	0.70629962	2013-04-21 00:00:00
155.80718	12.139948	11.91689	14.433188	0.91384934	2013-04-22 00:00:00
200.34675	13.108972	12.150647	12.113755	0.80061677	2013-04-23 00:00:00
93.941947	12.420587	12.838415	8.8613095	1	2013-04-24 00:00:00
252.98321	10.276453	9.7502428	9.2025227	0.66312673	2013-04-25 00:00:00
272.99592	8.6578918	8.1982781	14.557196	0.61077032	2013-04-26 00:00:00
288.89715	9.5140625	7.1186219	11.669795	0.56808673	2013-04-27 00:00:00
154.95327	10.632654	10.385326	13.9651	0.93772601	2013-04-28 00:00:00
280.62525	10.634698	8.5253226	15.686668	0.61234953	2013-04-29 00:00:00
277.41606	10.413812	8.6610521	6.6565744	0.62975753	2013-04-30 00:00:00
241.66728	8.0899292	7.6911089	8.6070731	0.7463118	2013-05-01 00:00:00
189.88021	8.5541016	8.2949248	11.119587	0.87779449	2013-05-02 00:00:00
79.948204	8.8591248	10.373049	18.388343	1	2013-05-03 00:00:00
239.26029	8.5468994	8.7646408	14.362501	0.76315723	2013-05-04 00:00:00
142.48325	9.9854065	10.422857	14.973049	0.98376722	2013-05-05 00:00:00
147.60752	10.700922	10.492578	10.829173	0.97525209	2013-05-06 00:00:00
178.71096	11.439325	10.349866	11.833469	0.91251888	2013-05-07 00:00:00
111.8713	8.9233032	10.667832	16.827096	1	2013-05-08 00:00:00
149.07901	8.3940369	9.6137758	20.25936	0.97966066	2013-05-09 00:00:00
248.04186	8.3002258	8.4949078	15.077628	0.76651807	2013-05-10 00:00:00
183.60374	7.1753479	8.1059165	16.969941	0.91669752	2013-05-11 00:00:00
79.150582	8.4035889	9.408302	16.278352	1	2013-05-12 00:00:00
230.70207	6.4579712	7.1028884	19.250339	0.82231252	2013-05-13 00:00:00
234.99222	6.5302368	7.5203898	13.628205	0.81414929	2013-05-14 00:00:00
223.91633	6.6358887	7.1699832	14.853302	0.84271595	2013-05-15 00:00:00
172.77783	6.846521	8.8093809	5.7340456	0.94689587	2013-05-16 00:00:00
281.22558	8.3922363	8.0484661	8.796198	0.70949556	2013-05-17 00:00:00
99.6307	7.5755859	8.703283	12.547419	1	2013-05-18 00:00:00
269.12132	10.682092	10.329623	4.9384675	0.73786554	2013-05-19 00:00:00
167.30086	10.26806	10.293658	12.006276	0.9609286	2013-05-20 00:00:00
249.93348	10.044427	9.4444681	11.091944	0.79237635	2013-05-21 00:00:00
259.91687	9.105188	8.3737082	13.000764	0.77527571	2013-05-22 00:00:00
278.17842	7.96203	6.7278666	15.361652	0.74059147	2013-05-23 00:00:00
323.7047	9.0153137	7.106496	12.60859	0.62314727	2013-05-24 00:00:00
88.043511	8.777124	8.5470344	6.2172213	1	2013-05-25 00:00:00
200.17604	10.116724	10.665575	11.552851	0.90437231	2013-05-26 00:00:00
243.76179	8.4874512	9.4142	15.233372	0.81864051	2013-05-27 00:00:00
214.65172	8.6501404	9.7493172	11.561526	0.8803345	2013-05-28 00:00:00
337.59303	11.699213	9.761217	11.258247	0.58436574	2013-05-29 00:00:00
359.86869	11.31875	9.9733339	10.956141	0.51464556	2013-05-30 00:00:00
177.95471	9.9618469	9.9371725	8.986686	0.95425518	2013-05-31 00:00:00
222.37188	9.7585999	9.226725	10.958773	0.87128438	2013-06-01 00:00:00
183.42788	10.718988	10.528015	7.5239958	0.94477471	2013-06-02 00:00:00
191.56122	13.223474	12.122095	4.1163296	0.92716324	2013-06-03 00:00:00
354.47326	14.630518	10.80024	6.1677943	0.54254099	2013-06-04 00:00:00
310.83283	14.270746	10.378513	5.970974	0.67260535	2013-06-05 00:00:00
280.33252	14.788202	11.176565	6.1768106	0.74604044	2013-06-06 00:00:00
376.85722	16.248254	11.415828	6.4907715	0.46817741	2013-06-07 00:00:00
384.6814	16.319421	11.239236	4.914295	0.44205668	2013-06-08 00:00:00
322.86842	15.807245	11.872212	6.1480419	0.64379332	2013-06-09 00:00:00
144.74959	11.839136	11.086616	14.619294	1	2013-06-10 00:00:00
181.25802	12.379419	12.614402	9.6370133	0.9522061	2013-06-11 00:00:00
232.66602	11.866937	11.211191	5.8750011	0.85719072	2013-06-12 00:00:00
230.54967	11.046198	10.883884	11.215761	0.86278226	2013-06-13 00:00:00
81.661093	10.00097	10.871824	15.159808	1	2013-06-14 00:00:00
256.52476	10.203516	9.823137	14.616749	0.8134231	2013-06-15 00:00:00
177.87207	11.064508	11.06463	7.6489644	0.96264156	2013-06-16 00:00:00
228.16781	13.394159	12.337285	8.0420858	0.86519015	2013-06-17 00:00:00
277.79266	12.897028	11.84635	7.1872177	0.76138507	2013-06-18 00:00:00
342.92887	12.091821	10.292112	7.8045784	0.60441734	2013-06-19 00:00:00
63.10359	12.432916	12.610742	8.3714433	1	2013-06-20 00:00:00
188.74433	11.352747	11.333772	11.069837	0.94288621	2013-06-21 00:00:00
208.47572	11.601099	11.985985	20.328508	0.90465431	2013-06-22 00:00:00
246.84889	11.089227	10.454874	19.412136	0.83232809	2013-06-23 00:00:00
248.90201	11.302393	9.5115167	6.7980795	0.83053843	2013-06-24 00:00:00
180.87548	12.103387	11.364488	6.7128392	0.9565298	2013-06-25 00:00:00
349.29371	11.939417	10.264504	6.7747047	0.58376202	2013-06-26 00:00:00
141.96598	12.395929	12.736185	11.838205	1	2013-06-27 00:00:00
111.36484	12.93371	13.408374	13.965869	1	2013-06-28 00:00:00
213.70858	12.91485	13.05517	11.743461	0.88987736	2013-06-29 00:00:00
188.74946	12.387109	12.25183	16.072237	0.93866557	2013-06-30 00:00:00
213.9456	11.7828	9.6518086	11.112956	0.89605496	2013-07-01 00:00:00
37.537455	11.498224	12.80946	14.048073	1	2013-07-02 00:00:00
165.82359	12.660547	12.49795	12.025386	0.97840619	2013-07-03 00:00:00
170.75649	12.336969	11.651595	14.704367	0.96891809	2013-07-04 00:00:00
258.85239	13.407739	11.316802	10.086982	0.79329774	2013-07-05 00:00:00
209.6997	14.191003	13.19771	10.284503	0.89033089	2013-07-06 00:00:00
229.43321	17.351953	16.388514	2.7599336	0.84038287	2013-07-07 00:00:00
300.26992	19.725519	17.485912	4.0264829	0.66341501	2013-07-08 00:00:00
281.95851	20.443903	18.695405	4.6606359	0.70543022	2013-07-09 00:00:00
309.69476	20.429285	17.16497	5.2758833	0.63375739	2013-07-10 00:00:00
308.28394	20.014856	17.715671	3.3555765	0.63259644	2013-07-11 00:00:00
261.32008	17.989587	17.369069	4.5557259	0.75663865	2013-07-12 00:00:00
260.69093	17.495447	15.639522	5.8956466	0.7621514	2013-07-13 00:00:00
275.62721	16.052179	14.012715	5.6604157	0.72917011	2013-07-14 00:00:00
224.58556	15.043726	12.95254	7.072183	0.84857679	2013-07-15 00:00:00
255.28839	16.210474	13.668956	7.2865582	0.77532784	2013-07-16 00:00:00
266.17346	16.659418	14.11705	5.2312168	0.74501025	2013-07-17 00:00:00
272.12611	18.766687	16.237136	3.202662	0.7193703	2013-07-18 00:00:00
288.41181	20.66897	15.191574	6.1984641	0.67704946	2013-07-19 00:00:00
262.06253	20.883539	14.951287	7.5143844	0.74457737	2013-07-20 00:00:00
255.29496	18.918909	15.063497	7.7507031	0.75840425	2013-07-21 00:00:00
164.72797	17.420831	16.522186	7.037692	0.95349812	2013-07-22 00:00:00
166.62968	15.720544	15.556203	9.1772938	0.94994338	2013-07-23 00:00:00
96.854241	14.921991	15.685655	12.456887	1	2013-07-24 00:00:00
209.33916	14.962793	14.443219	5.5112717	0.85827941	2013-07-25 00:00:00
212.57305	15.308862	13.457722	6.3643776	0.85124777	2013-07-26 00:00:00
205.53803	14.748376	14.614136	7.5892249	0.86161752	2013-07-27 00:00:00
202.69481	14.893304	13.988481	6.7287255	0.86713201	2013-07-28 00:00:00
179.97138	13.885095	13.427587	10.743192	0.91564812	2013-07-29 00:00:00
203.12838	13.650293	12.634198	10.580067	0.86448266	2013-07-30 00:00:00
45.552298	14.157648	14.771827	9.7019422	1	2013-07-31 00:00:00
40.016642	16.670923	18.017624	15.164436	1	2013-08-01 00:00:00
234.54062	14.794397	14.436568	16.822648	0.77390215	2013-08-02 00:00:00
230.48015	13.86297	13.323597	11.888112	0.78421974	2013-08-03 00:00:00
205.16004	14.536188	12.544872	5.9984437	0.84535491	2013-08-04 00:00:00
311.67172	13.752313	11.628579	9.9550121	0.53360147	2013-08-05 00:00:00
150.75447	13.523859	12.350797	7.1393684	0.96194767	2013-08-06 00:00:00
227.3221	15.367517	12.631077	3.4029057	0.77839028	2013-08-07 00:00:00
156.46175	14.917627	14.072448	11.194343	0.94162946	2013-08-08 00:00:00
219.56031	13.945032	12.159009	10.757219	0.79167186	2013-08-09 00:00:00
208.01996	14.151086	12.245602	9.1934853	0.81706871	2013-08-10 00:00:00
215.41947	13.322504	12.313633	12.676801	0.79320245	2013-08-11 00:00:00
224.74328	13.076685	11.570041	11.693303	0.76560633	2013-08-12 00:00:00
170.24257	14.715784	13.266864	9.2055122	0.89675763	2013-08-13 00:00:00
149.80966	15.784204	16.515815	10.990313	0.93296507	2013-08-14 00:00:00
61.138121	15.287073	16.697445	12.538237	1	2013-08-15 00:00:00
215.96479	14.258966	13.154726	10.635364	0.76002106	2013-08-16 00:00:00
137.58393	14.990778	15.085219	16.175028	0.95623799	2013-08-17 00:00:00
188.682	12.978296	11.414604	12.335143	0.8323215	2013-08-18 00:00:00
187.45431	14.404443	11.78941	11.313946	0.83001545	2013-08-19 00:00:00
132.39819	15.106958	13.73107	13.44944	0.96240629	2013-08-20 00:00:00
170.50343	15.477563	15.113865	13.555551	0.8583959	2013-08-21 00:00:00
237.67237	15.359308	14.236002	6.8452276	0.64527476	2013-08-22 00:00:00
96.285245	14.055933	14.130424	10.470558	1	2013-08-23 00:00:00
115.02735	13.463922	13.101466	8.4298628	0.99428409	2013-08-24 00:00:00
176.22083	14.370264	13.134809	8.9247854	0.82925481	2013-08-25 00:00:00
205.85921	14.461115	13.475516	4.934543	0.7298314	2013-08-26 00:00:00
150.49204	14.735498	14.290871	7.7938774	0.89004385	2013-08-27 00:00:00
203.37405	13.200281	11.954267	6.9476701	0.72999132	2013-08-28 00:00:00
140.99183	15.014368	14.525857	10.54596	0.9074362	2013-08-29 00:00:00
127.66228	14.258051	13.878865	13.34125	0.94147287	2013-08-30 00:00:00
201.45924	12.555017	9.7453137	10.560073	0.72281116	2013-08-31 00:00:00
214.88167	13.04931	11.031581	12.949302	0.65895926	2013-09-01 00:00:00
128.2588	14.674646	14.472063	12.408383	0.92648857	2013-09-02 00:00:00
212.31509	14.000513	12.586917	10.050646	0.64141826	2013-09-03 00:00:00
172.44513	14.374231	13.327302	11.777431	0.77977591	2013-09-04 00:00:00
172.02613	11.070734	10.16282	8.3487136	0.7848379	2013-09-05 00:00:00
200.05782	9.8261658	8.5439581	8.5309946	0.68008269	2013-09-06 00:00:00
118.22044	9.1234375	9.8025724	13.143264	0.94326674	2013-09-07 00:00:00
148.10322	11.463678	10.329537	7.7888669	0.84421375	2013-09-08 00:00:00
131.8562	11.964258	11.554333	8.994056	0.88782161	2013-09-09 00:00:00
147.49282	12.234338	11.163459	10.461058	0.83061273	2013-09-10 00:00:00
75.488894	13.346124	13.923625	10.971072	1	2013-09-11 00:00:00
47.468832	14.080408	15.513021	10.789348	1	2013-09-12 00:00:00
126.93371	10.555505	9.977712	4.8607961	0.88092641	2013-09-13 00:00:00
169.69134	10.71554	9.4836744	5.8844737	0.71302493	2013-09-14 00:00:00
111.05898	11.305139	11.071314	20.083429	0.9211704	2013-09-15 00:00:00
133.07488	9.313623	8.6312908	21.444161	0.84391591	2013-09-16 00:00:00
51.957182	11.277856	11.756685	15.112622	1	2013-09-17 00:00:00
129.51237	10.282373	9.5845235	11.414258	0.84091097	2013-09-18 00:00:00
141.02637	11.709558	10.910736	14.930474	0.78303427	2013-09-19 00:00:00
133.47534	12.437006	10.739969	8.8553856	0.80683467	2013-09-20 00:00:00
137.29158	14.577264	15.260429	11.151688	0.76621753	2013-09-21 00:00:00
128.34844	14.667444	14.45802	11.339576	0.79999487	2013-09-22 00:00:00
191.87442	16.570459	15.285992	12.255436	0.4100668	2013-09-23 00:00:00
120.9365	15.717157	15.037456	8.3886221	0.81403541	2013-09-24 00:00:00
111.28192	15.24917	15.343941	3.6416704	0.8475665	2013-09-25 00:00:00
81.922677	14.718958	15.165961	6.9476992	0.96212698	2013-09-26 00:00:00
126.6624	15.316095	14.389174	8.1463407	0.76159053	2013-09-27 00:00:00
126.82349	14.458124	13.319707	9.5052738	0.75439143	2013-09-28 00:00:00
117.96378	14.467188	13.491831	11.43456	0.78785429	2013-09-29 00:00:00
66.427956	14.454858	14.576396	12.453117	1	2013-09-30 00:00:00
58.471402	13.619958	14.976736	12.247922	1	2013-10-01 00:00:00
83.018732	13.848413	14.433098	15.72028	0.92432693	2013-10-02 00:00:00
60.570579	13.824884	14.580194	10.931514	1	2013-10-03 00:00:00
89.014876	11.511285	12.195495	9.0585118	0.88799294	2013-10-04 00:00:00
118.5964	12.432092	11.803154	10.625376	0.72348199	2013-10-05 00:00:00
56.084815	13.900964	14.621805	13.549042	1	2013-10-06 00:00:00
61.099096	13.572473	14.494402	15.548116	0.993433	2013-10-07 00:00:00
67.944832	11.428247	11.823936	8.1391061	0.9558629	2013-10-08 00:00:00
86.498342	9.1638733	8.865218	12.066667	0.86212349	2013-10-09 00:00:00
134.0567	6.8654114	6.4228256	9.9318389	0.5501243	2013-10-10 00:00:00
132.89078	6.5920349	7.346418	7.874671	0.53230764	2013-10-11 00:00:00
78.130018	8.126001	8.9481462	8.8655754	0.8826416	2013-10-12 00:00:00
81.542618	9.3381897	9.8217776	5.9115536	0.85224244	2013-10-13 00:00:00
111.25557	8.6118408	8.4352141	6.3650517	0.64744533	2013-10-14 00:00:00
100.7501	7.8547913	8.2491209	10.923756	0.71229693	2013-10-15 00:00:00
76.359947	10.229395	10.637912	13.658136	0.8545431	2013-10-16 00:00:00
77.933734	11.029199	11.548403	8.9056529	0.83252897	2013-10-17 00:00:00
18.282	11.540582	12.842245	13.636746	1	2013-10-18 00:00:00
74.388078	11.135339	11.985485	11.397085	0.83527715	2013-10-19 00:00:00
70.238476	9.7186829	10.982056	9.681217	0.8567434	2013-10-20 00:00:00
21.747524	10.446283	11.817618	10.651085	1	2013-10-21 00:00:00
78.211363	11.221338	12.345306	9.7879007	0.77353557	2013-10-22 00:00:00
89.112012	8.3819519	8.3446041	11.545329	0.6877813	2013-10-23 00:00:00
64.757102	8.9096619	9.9005257	10.468595	0.86042483	2013-10-24 00:00:00
67.291096	11.163019	12.227071	10.955689	0.82416457	2013-10-25 00:00:00
46.15956	9.0090881	9.6301855	14.321882	0.97293041	2013-10-26 00:00:00
58.297573	8.889856	9.7087784	22.463036	0.88021272	2013-10-27 00:00:00
58.101807	7.1929565	8.8769636	16.981252	0.87481988	2013-10-28 00:00:00
72.273238	7.0064941	7.5859626	13.888971	0.75099405	2013-10-29 00:00:00
33.492894	8.3814941	8.4363287	14.485551	1	2013-10-30 00:00:00
63.21563	8.1544434	8.5466634	15.072078	0.80196745	2013-10-31 00:00:00
80.775988	8.3389832	7.8230331	8.4062847	0.61240964	2013-11-01 00:00:00
31.841429	7.2586609	8.8225487	18.90666	1	2013-11-02 00:00:00
44.377387	6.8232361	8.4238353	11.941916	0.93178057	2013-11-03 00:00:00
68.112668	5.4428955	7.0145565	6.5812383	0.70485676	2013-11-04 00:00:00
43.982118	8.3056885	8.9255064	16.911894	0.91768959	2013-11-05 00:00:00
14.211713	7.1332031	8.6610905	9.2589689	1	2013-11-06 00:00:00
58.555695	6.8735596	7.8372974	16.159959	0.74397283	2013-11-07 00:00:00
47.349504	5.8387695	7.9828371	10.958337	0.85126696	2013-11-08 00:00:00
38.25243	5.6447083	7.4902555	8.0620585	0.93249566	2013-11-09 00:00:00
28.377155	6.693811	8.6349514	9.4700974	1	2013-11-10 00:00:00
32.700546	10.689172	11.701689	12.220865	0.96213239	2013-11-11 00:00:00
63.634074	7.7446838	8.0015591	10.457303	0.59213752	2013-11-12 00:00:00
30.247406	7.7427612	8.5962628	17.375136	0.97966789	2013-11-13 00:00:00
46.628926	7.6487671	7.8418447	16.142202	0.79605495	2013-11-14 00:00:00
38.282025	8.2051636	8.7726471	9.1397761	0.88124324	2013-11-15 00:00:00
32.812183	9.3352905	10.176357	10.196263	0.93093595	2013-11-16 00:00:00
12.748745	9.6241394	11.657757	5.7968626	1	2013-11-17 00:00:00
38.733867	6.0073486	8.1329075	11.429005	0.85231826	2013-11-18 00:00:00
55.371005	4.2991577	6.3252781	13.217688	0.6089977	2013-11-19 00:00:00
42.329944	6.623407	7.4801615	20.220803	0.78866829	2013-11-20 00:00:00
48.959073	3.7272888	5.3968305	13.388685	0.68924166	2013-11-21 00:00:00
53.719475	2.1757751	5.5071251	5.4615244	0.59139231	2013-11-22 00:00:00
38.593128	3.3333069	6.4220137	4.806272	0.81462066	2013-11-23 00:00:00
33.582375	5.634668	8.2478098	4.7766158	0.86827723	2013-11-24 00:00:00
32.113411	3.9714905	7.1834198	2.8455334	0.88379184	2013-11-25 00:00:00
41.691821	5.6675964	7.5538573	6.3614757	0.7322142	2013-11-26 00:00:00
28.175523	7.3787476	8.9109929	6.4045731	0.91839976	2013-11-27 00:00:00
27.834448	7.8460938	9.9638419	4.8789469	0.91425218	2013-11-28 00:00:00
21.932425	7.6722656	8.621092	13.66928	0.99068301	2013-11-29 00:00:00
37.634061	7.3207031	7.97387	7.8010264	0.75678982	2013-11-30 00:00:00
32.694672	9.9782349	10.735623	3.8222289	0.81909599	2013-12-01 00:00:00
23.184669	9.6339355	10.144592	8.50499	0.95768737	2013-12-02 00:00:00
22.976478	10.863214	11.856689	10.839696	0.95247718	2013-12-03 00:00:00
46.391504	8.1910034	8.1995831	9.8395213	0.52868292	2013-12-04 00:00:00
23.728311	10.405481	9.1229164	20.221711	0.93938612	2013-12-05 00:00:00
28.789955	9.8865906	10.205102	11.218765	0.85278964	2013-12-06 00:00:00
28.187919	10.338617	10.511923	11.860288	0.85665177	2013-12-07 00:00:00
14.860072	12.444482	12.754572	16.063947	1	2013-12-08 00:00:00
27.369014	12.023279	12.035887	14.942775	0.85598166	2013-12-09 00:00:00
15.601195	13.767725	13.108345	18.472632	1	2013-12-10 00:00:00
24.926748	13.564935	11.475338	18.306672	0.8916117	2013-12-11 00:00:00
11.126215	14.874048	16.238921	18.16493	1	2013-12-12 00:00:00
35.091856	11.133936	11.157635	18.768969	0.69247666	2013-12-13 00:00:00
5.7547753	11.537347	11.121453	21.605765	1	2013-12-14 00:00:00
10.036477	10.435724	10.579317	16.278571	1	2013-12-15 00:00:00
32.123085	7.8835388	8.1385512	14.334325	0.75833764	2013-12-16 00:00:00
21.557699	8.5060059	7.8990004	16.714729	0.94389736	2013-12-17 00:00:00
17.050948	10.818567	11.661481	22.556871	1	2013-12-18 00:00:00
30.608931	5.9479614	7.1805479	19.17449	0.7874903	2013-12-19 00:00:00
5.7091107	9.9132019	10.182127	21.385793	1	2013-12-20 00:00:00
24.635957	9.2447754	9.1187272	21.339394	0.88810183	2013-12-21 00:00:00
30.001047	6.120874	7.2927286	20.464839	0.79877198	2013-12-22 00:00:00
27.988495	9.2447144	9.817555	22.732689	0.82764044	2013-12-23 00:00:00
18.34931	6.3668152	7.6390295	22.425325	0.99441842	2013-12-24 00:00:00
36.129881	6.7088257	7.0487259	7.9966751	0.68167417	2013-12-25 00:00:00
29.321244	7.284845	8.7507747	14.74661	0.81256398	2013-12-26 00:00:00
20.773351	8.0990845	9.4323811	25.80133	0.95736477	2013-12-27 00:00:00
32.983758	6.4484497	8.1284313	9.9165341	0.75218775	2013-12-28 00:00:00
20.114046	8.4912659	9.4118494	14.859204	0.97159915	2013-12-29 00:00:00
38.36923	9.0436035	9.3757773	11.966016	0.64288781	2013-12-30 00:00:00
28.625217	8.3972717	8.5570708	17.36234	0.84304814	2013-12-31 00:00:00
